{'subsample': 1.0, 'n_estimators': 100, 'max_depth': 3, 'learning_rate': 0.1}
RMSE: 8.278772855948867
MAE: 5.578522379084151
MAPE: 2.2399231146027123
