order: (4, 1, 2)
RMSE: 43.82453310216264
MAE: 35.78570349684441
MAPE: 14.465735015925437
